error: 492.340139245
error: 200.483571611
error: 133.395100291
error: 115.875220897
